0.0393691641879984
0.0207908195287477
0.0108147688339395
0.0254189376443418
0.00335883156001474
0.0185880094249062
0.0031104199066874
0.0160968028419183
0.0133816807156023
0.0196604778862098
0.00630672562252734
0.00804471595634496
0.0014631696741516
0.00410119691507303
0.0120687700460442
0.022384650525354
0.00224298955091513
0.0145266584428468
0.00546079753043003
0.00716069924962552
0.00721332251861551
0.00993555707490217
0.00589767711122368
0.00816686899900673
0.000340191155029969
0.0200679071472227
0.00335600105978981
0.0404889017297474
0.00854575058182855
0.0198077197233528
0.00876112251882272
0.000994532282517891
0.0300605933007638
0.0183169254070428
0.000759392486011191
0.0221732064081727
0.0159060270279157
0.0106074048753071
0.00657514914362692
0.00101489605500082
0.00758185721953838
0.0254852766406972
0.0132710301121837
0.00530958346287254
0.0224796370504834
0.0190060205406682
0.0155413294681322
0.000156519017060573
0.00803349733670633
0.00944956024525226
0.01373944036695
0.00767710440861996
0.00632757898450074
0.00202273082397949
0.0100315610395006
0.015530090897342
0.00213405682348028
0.0120458891013384
0.00457850794505791
0.00680369236881475
0.0358133319761251
0.0480892862337461
0.0209579502936294
0.0107609079148536
0.0101298190401259
0.00443911077969893
0.0193788413578817
0.0153437759630388
0.00852160128489085
0.00688003573983398
0.000807894281262623
0.0128674854178269
0.00460590313928661
0.00441221301519535
0.00847391236224996
0.00628569080974487
0.0297409657818996
0.00949069771229259
0.00453935905227538
0.00864269931818047
0.00537527374079236
0.00677098343355114
0.00175423941191212
0.0120926419348227
0.0176563902808926
0.0119249973440986
0.0198954070031833
0.0179653315382026
0.025405389381318
0.00703866007319329
0.0240996610437048
0.00573879306261142
0.022785740007202
0.00103672841609314
0.0118596875899451
0.0246149195401941
0.0208044382801664
0.0191315629574117
0.0103088381859665
0.00476652338616902
0.0030519890549358
0.00251044227561593
0.00794802694024815
0.0217879159901258
0.00211362530569544
0.00808924993925613
0.0128450748295742
0.0167711353245917
0.00379008746355685
0.0117599485341421
0.00389206098523963
0.014519558442315
0.00351488959166072
0.00649615173619975
0.00878123332520866
0.0204697013627138
0.0369300339153373
0.0126975297317876
0.00441251924063622
0.00749820579510059
0.0212399171960882
0.0139025742285525
0.00389113119016134
0.00756620428751576
0.0211521152115212
0.0304555837130811
0.00753011673732238
0.001664828868565
0.0227049582719686
0.00702165008777063
0.00111665790856542
0.0158313026581936
0.00392416850931415
0.0466292773959317
0.00308243014815551
0.0201372007570402
0.00433526011560694
0.0021690053110604
0.00996444342490107
0.0057929036929761
0.012869611966731
0.00965167948779206
0.0313517416559754
0.0241059242672213
0.000216872695727608
0.012022576349263
0.00269772019664607
0.00422753281723326
0.00111426656736962
0.0162844798936524
0.0333155934007451
0.011901618318307
0.0132596721010104
6
0.0278156563075782
0.00278079914626388
0.00159455500574842
0.0116283452221521
0.0194714147391618
0.00110192837465565
0.00812074539535096
0.008612172275906
0.0147706544467678
0.0273236788923044
0.0523059163505598
0.0159536609701363
0.0187450827126056
0.00456499110078884
0.00153249128704551
0.0205447257839653
0.0186114432347737
0.0110623976577297
0.00703041418309644
0.0135709105977416
0.000313676286072773
0.0122777307366638
0.00182103610675039
0.0057203800659298
0.0124013528748591
0.0114478874068334
0.0225095676985439
0.00722091599209719
0.00364554122265844
0.0162559669720036
0.000853644755390191
0.00780442249335282
0.00583930213092935
0.00710174526550316
0.0500238909104275
0.0254340851941904
0.0207979697462327
0.00114296665978832
0.00774280424171015
0.00850021159997957
0.0249780815545098
0.0783914039661847
0.0170778924524347
0.00781072784773377
0.00342493321037698
0.0552382948254484
0.00174504475447895
0.00702799955020803
0.021478864289164
0.00698981631741104
0.00593624983868886
0.00730753396459448
0.000741564701520208
0.0229740904834143
0.0255346642278091
0.00599725308861382
0.00564263322884013
0.0214290774280384
0.0216483553968315
0.00228608911843054
0.0087432217721513
0.0110026378584659
0.0181161950463611
0.00759333924027996
0.00670613055857111
0.00117154811715481
0.0106814131652918
0.00376242008040204
0.00919842312746386
0.0106410930377804
0.180744092508798
0.0120471810436092
0.0217601716558021
